peak[0]: (60, 24)
peak[1]: (64, 17)
peak[2]: (83, 59)
candidate[0]: (60, 24), radius: 1
candidate[1]: (64, 17), radius: 3
candidate[2]: (83, 59), radius: 3
RESULT: celestial_object = GPM 149.550516+69.336542
