peak[0]: (16, 20)
peak[1]: (23, 96)
peak[2]: (40, 70)
peak[3]: (89, 50)
candidate[0]: (16, 20), radius: 3
candidate[1]: (23, 96), radius: 1
candidate[2]: (40, 70), radius: 3
candidate[3]: (89, 50), radius: 3
RESULT: celestial_object = GPM 149.391696+69.229356
