shape: (106, 106)
cd1_1: -0.0004703406
cd1_2: -0.0000462434
cd2_1: -0.0000452257
cd2_2: 0.0004704525
